6.078243255615234
4.998683929443359
5.000114440917969
5.00035285949707
5.000591278076172
5.003690719604492
6.000041961669922
4.9991607666015625
5.000114440917969
4.999637603759766
5.000114440917969
6.074428558349609
5.20014762878418
5.139827728271484
4.9991607666015625
4.999876022338867
5.469322204589844
4.999399185180664
6.402730941772461
5.00178337097168
5.295991897583008
5.00035285949707
5.000114440917969
7.00688362121582
5.193233489990234
4.999399185180664
5.006074905395508
6.0024261474609375
6.000041961669922
5.000114440917969
4.999876022338867
5.009651184082031
4.998922348022461
6.000757217407227
4.999399185180664
4.999876022338867
4.999399185180664
4.999399185180664
4.998922348022461
4.999637603759766
6.122350692749023
4.999876022338867
7.4176788330078125
6.002187728881836
6.000041961669922
5.999326705932617
4.998922348022461
5.003929138183594
4.999399185180664
6.000280380249023
4.999399185180664
5.998373031616211
5.00035285949707
4.998922348022461
4.999637603759766
4.999876022338867
4.996299743652344
5.000114440917969
4.999637603759766
5.002021789550781
4.999637603759766
4.999637603759766
4.999399185180664
4.997730255126953
5.002737045288086
5.001306533813477
5.000591278076172
4.990100860595703
4.999399185180664
4.998922348022461
5.997657775878906
5.995035171508789
4.999637603759766
4.9991607666015625
5.000114440917969
5.000591278076172
6.509542465209961
6.999015808105469
4.996538162231445
4.999637603759766
6.000041961669922
6.000280380249023
4.998207092285156
4.99725341796875
5.998134613037109
5.999565124511719
4.999637603759766
5.000114440917969
5.15294075012207
6.000041961669922
5.013227462768555
5.99980354309082
5.999565124511719
6.000041961669922
6.000757217407227
5.004167556762695
6.000041961669922
5.000114440917969
4.9991607666015625
5.389690399169922
6.000041961669922
4.998922348022461
4.602193832397461
4.998683929443359
4.998445510864258
4.999637603759766
5.000114440917969
4.998683929443359
4.998207092285156
5.999088287353516
5.998849868774414
4.9991607666015625
4.997968673706055
4.993677139282227
4.998683929443359
5.999088287353516
4.997968673706055
5.998134613037109
4.998683929443359
4.997730255126953
6.99925422668457
6.000041961669922
6.000995635986328
5.000114440917969
5.9967041015625
5.000591278076172
5.013465881347656
4.999876022338867
4.999399185180664
6.127834320068359
4.999399185180664
5.042314529418945
5.999088287353516
4.998207092285156
5.999088287353516
4.998922348022461
4.998207092285156
4.997730255126953
4.998922348022461
4.998922348022461
5.998849868774414
4.998922348022461
4.998922348022461
