100.48651695251465
84.23757553100586
84.73944664001465
84.66863632202148
84.61642265319824
78.1395435333252
84.89632606506348
84.72061157226562
84.82527732849121
84.8689079284668
78.11164855957031
78.21965217590332
84.6714973449707
69.20504570007324
68.61615180969238
84.76686477661133
84.67364311218262
78.21393013000488
84.33294296264648
84.73014831542969
84.68365669250488
69.05293464660645
78.0487060546875
84.73062515258789
84.84482765197754
84.78617668151855
69.20242309570312
84.7015380859375
93.7647819519043
84.7482681274414
84.24663543701172
84.92517471313477
84.70654487609863
84.8228931427002
84.62023735046387
78.18174362182617
68.60113143920898
84.84101295471191
84.83076095581055
84.7022533416748
84.84196662902832
78.24230194091797
84.73777770996094
84.85889434814453
69.24152374267578
84.63382720947266
84.71894264221191
78.13429832458496
84.67936515808105
100.34751892089844
84.72704887390137
84.69367027282715
84.6090316772461
84.6710205078125
100.54469108581543
100.26407241821289
99.77459907531738
84.64694023132324
84.72824096679688
84.6097469329834
84.63358879089355
100.26955604553223
93.8410758972168
93.80578994750977
84.73896980285645
84.70463752746582
84.7480297088623
100.27933120727539
100.31557083129883
84.60068702697754
86.3637924194336
98.26898574829102
100.28409957885742
84.79666709899902
100.35014152526855
84.76138114929199
78.1245231628418
78.25970649719238
84.21564102172852
84.65051651000977
84.64455604553223
84.73038673400879
78.20272445678711
78.13835144042969
84.85031127929688
84.63239669799805
84.4576358795166
84.69009399414062
84.64407920837402
78.12786102294922
69.11420822143555
69.15903091430664
84.83481407165527
84.65266227722168
84.27548408508301
93.76382827758789
84.73873138427734
84.8236083984375
69.1065788269043
69.23294067382812
69.02217864990234
93.77193450927734
84.75422859191895
84.73968505859375
84.82050895690918
68.69912147521973
69.10943984985352
78.04274559020996
78.2325267791748
84.25498008728027
84.77377891540527
84.62810516357422
69.1063404083252
84.53178405761719
78.13787460327148
84.84816551208496
84.85245704650879
84.73920822143555
84.23328399658203
84.73014831542969
78.23443412780762
78.23586463928223
84.63430404663086
84.57016944885254
84.71870422363281
84.68461036682129
84.68151092529297
78.14192771911621
84.36322212219238
88.3936882019043
80.40547370910645
84.14340019226074
100.27599334716797
84.70988273620605
100.35109519958496
78.13858985900879
84.66053009033203
84.81192588806152
84.75708961486816
84.67316627502441
84.81621742248535
78.13858985900879
84.7938060760498
84.40446853637695
84.56087112426758
84.92779731750488
84.64384078979492
100.35443305969238
78.13787460327148
84.84315872192383
84.39803123474121
84.66768264770508
84.67984199523926
84.31267738342285
78.13382148742676
84.95497703552246
84.23590660095215
84.93542671203613
84.55705642700195
84.77020263671875
84.75422859191895
78.2160758972168
84.80954170227051
84.86104011535645
100.41427612304688
84.66339111328125
84.78975296020508
84.77163314819336
78.00865173339844
78.2175064086914
84.74326133728027
84.84721183776855
84.74493026733398
84.72728729248047
84.22660827636719
93.84012222290039
84.33151245117188
84.75303649902344
84.7780704498291
84.8226547241211
84.74469184875488
84.62190628051758
78.13692092895508
84.73825454711914
84.84864234924316
84.90872383117676
84.54537391662598
84.21850204467773
78.2172679901123
84.61618423461914
84.89680290222168
84.7470760345459
84.81311798095703
84.61856842041016
78.216552734375
68.59707832336426
84.74969863891602
84.6409797668457
84.79619026184082
84.72967147827148
