15.700817108154297
21.720409393310547
15.745878219604492
15.62356948852539
15.62047004699707
0.0
0.0
0.0
6.602048873901367
15.729665756225586
15.635013580322266
0.0
0.0
0.0
0.0
22.176265716552734
15.726804733276367
15.533924102783203
15.715599060058594
15.616416931152344
15.634536743164062
15.616655349731445
0.0
15.726804733276367
15.618085861206055
15.628814697265625
15.625238418579102
15.641927719116211
24.585723876953125
10.423660278320312
10.711908340454102
10.459423065185547
18.72849464416504
10.403633117675781
10.4522705078125
12.672185897827148
10.44774055480957
10.486125946044922
10.480880737304688
18.708229064941406
10.428428649902344
18.637657165527344
8.246183395385742
12.459039688110352
12.67552375793457
10.448694229125977
18.723011016845703
10.474443435668945
18.738746643066406
10.441303253173828
18.782615661621094
10.461807250976562
18.74566078186035
10.483741760253906
18.711090087890625
10.498523712158203
18.703222274780273
10.50877571105957
10.561943054199219
12.596845626831055
10.281562805175781
18.650293350219727
10.486841201782227
10.385990142822266
10.175466537475586
10.56981086730957
10.123252868652344
10.324478149414062
10.374307632446289
12.720823287963867
10.404109954833984
12.672662734985352
10.514259338378906
10.464191436767578
10.412931442260742
10.526657104492188
10.510683059692383
8.200645446777344
12.723684310913086
10.475873947143555
18.739938735961914
10.302066802978516
18.60523223876953
10.514020919799805
18.700599670410156
10.466814041137695
18.71967315673828
10.49184799194336
18.679380416870117
10.319232940673828
18.715620040893555
10.499238967895508
18.677949905395508
10.444879531860352
18.76688003540039
10.484695434570312
18.7227725982666
10.485649108886719
18.69940757751465
10.497808456420898
18.829822540283203
10.443687438964844
18.746137619018555
10.382413864135742
18.75615119934082
10.442495346069336
18.598318099975586
10.487794876098633
10.36524772644043
10.441064834594727
18.58353614807129
10.465860366821289
18.68915557861328
10.313272476196289
10.619878768920898
10.224342346191406
10.318279266357422
12.473106384277344
10.570526123046875
10.49351692199707
10.453224182128906
12.595415115356445
12.703418731689453
10.494709014892578
10.274648666381836
12.218236923217773
10.282278060913086
12.350797653198242
10.431051254272461
8.27932357788086
10.49351692199707
10.246515274047852
10.17308235168457
10.124921798706055
10.23244857788086
12.572526931762695
10.547161102294922
10.336637496948242
8.162975311279297
12.523412704467773
10.280847549438477
10.31637191772461
10.52999496459961
10.509252548217773
10.489463806152344
18.61739158630371
8.234500885009766
20.7364559173584
10.399580001831055
10.439157485961914
10.528087615966797
10.38050651550293
18.68438720703125
10.47372817993164
18.66436004638672
10.452508926391602
18.590450286865234
8.234739303588867
20.69377899169922
10.466575622558594
12.551069259643555
10.439872741699219
12.718439102172852
10.52403450012207
12.603998184204102
10.511636734008789
18.694400787353516
10.321855545043945
18.65410804748535
10.480403900146484
18.6920166015625
10.465145111083984
18.6917781829834
10.475635528564453
18.73636245727539
10.373830795288086
18.62192153930664
10.472297668457031
18.71967315673828
10.484933853149414
12.678146362304688
10.49661636352539
12.600183486938477
10.448932647705078
12.705087661743164
10.46895980834961
12.738227844238281
10.435104370117188
12.764692306518555
10.480403900146484
12.616872787475586
10.376691818237305
12.681007385253906
10.499238967895508
12.696981430053711
10.49494743347168
12.475728988647461
18.71514320373535
10.47658920288086
18.428325653076172
