15.623331069946289
0.0
15.625476837158203
0.0
15.625476837158203
6.513357162475586
0.0
0.0
0.0
0.0
15.697956085205078
0.0
15.604257583618164
0.0
15.659570693969727
0.0
15.627861022949219
6.60252571105957
0.0
0.0
15.680789947509766
0.0
15.618085861206055
0.0
15.624761581420898
0.0
15.626907348632812
0.0
15.62356948852539
0.0
15.71345329284668
0.0
15.54560661315918
0.0
15.626668930053711
0.0
15.624523162841797
0.0
15.624761581420898
0.0
15.625238418579102
0.0
15.642881393432617
0.0
15.629053115844727
0.0
15.704631805419922
0.0
15.619039535522461
0.0
15.625715255737305
0.0
6.591558456420898
0.0
15.716552734375
0.0
15.582084655761719
0.0
15.67387580871582
0.0
0.0
15.679121017456055
0.0
15.637636184692383
6.604671478271484
0.0
0.0
15.702962875366211
0.0
15.636682510375977
0.0
15.642642974853516
0.0
0.0
15.717506408691406
6.597042083740234
0.0
15.726566314697266
0.0
0.0
15.662431716918945
0.0
0.0
15.628576278686523
0.0
15.623807907104492
6.517887115478516
0.0
0.0
0.0
0.0
15.62643051147461
0.0
15.62643051147461
0.0
15.625953674316406
0.0
0.0
0.0
15.733957290649414
0.0
15.625476837158203
0.0
0.0
0.0
15.628814697265625
6.519556045532227
0.0
15.650749206542969
0.0
0.0
0.0
0.0
15.651702880859375
0.0
15.673398971557617
0.0
15.621423721313477
0.0
0.0
0.0
15.626907348632812
0.0
15.624761581420898
0.0
15.623331069946289
0.0
15.626192092895508
0.0
15.625953674316406
0.0
2.1352767944335938
10.272502899169922
10.238170623779297
10.218143463134766
8.169174194335938
8.126974105834961
0.0
2.109527587890625
2.1126270294189453
10.24937629699707
10.221242904663086
10.23411750793457
8.125066757202148
0.0
0.0
2.073049545288086
2.1152496337890625
10.236740112304688
10.185956954956055
10.247468948364258
8.1787109375
0.0
0.0
2.246379852294922
10.354995727539062
8.219242095947266
0.0
0.0
2.2673606872558594
10.486364364624023
10.393142700195312
8.259057998657227
0.0
0.0
2.095460891723633
10.454177856445312
10.473966598510742
10.489702224731445
8.257627487182617
8.135795593261719
0.0
2.2597312927246094
10.405778884887695
8.263587951660156
12.485742568969727
8.247852325439453
8.218526840209961
0.0
2.23541259765625
2.25067138671875
10.475635528564453
10.390996932983398
10.360479354858398
10.486364364624023
8.276224136352539
0.0
2.257823944091797
2.03704833984375
10.080337524414062
10.56218147277832
10.35165786743164
8.160114288330078
0.0
2.1398067474365234
2.2666454315185547
10.282278060913086
8.143901824951172
0.0
0.0
