29.013872146606445
26.01003646850586
33.890485763549805
36.034584045410156
30.994892120361328
34.014225006103516
29.999256134033203
30.000686645507812
29.99734878540039
26.998281478881836
27.999401092529297
34.999847412109375
27.998685836791992
33.00046920776367
27.998924255371094
28.000354766845703
34.999847412109375
38.99860382080078
30.99966049194336
30.00473976135254
35.999298095703125
27.9996395111084
27.00972557067871
26.097536087036133
29.999732971191406
27.997970581054688
26.999950408935547
28.000354766845703
26.999235153198242
29.999732971191406
32.01413154602051
34.00158882141113
35.0031852722168
35.01462936401367
33.99920463562012
33.00070762634277
34.004926681518555
29.07872200012207
27.999162673950195
28.0001163482666
29.00385856628418
26.99899673461914
27.999401092529297
26.993513107299805
26.000261306762695
24.997472763061523
28.01203727722168
24.998903274536133
27.00018882751465
25.999784469604492
26.999711990356445
26.999950408935547
27.9996395111084
26.999711990356445
27.000904083251953
25.983333587646484
26.012182235717773
26.998281478881836
25.999069213867188
26.999235153198242
26.999711990356445
26.996374130249023
29.001712799072266
29.999971389770508
31.99934959411621
30.99846839904785
29.999971389770508
32.99903869628906
31.99911117553711
32.99880027770996
32.981157302856445
33.99920463562012
28.0001163482666
28.99336814880371
28.998613357543945
28.000354766845703
30.00473976135254
30.00020980834961
30.03859519958496
30.954837799072266
28.995275497436523
30.000686645507812
30.99966049194336
28.99909019470215
26.99899673461914
26.99112892150879
25.98714828491211
25.999069213867188
25.98857879638672
28.008222579956055
26.906728744506836
29.917478561401367
26.999235153198242
27.999162673950195
28.99909019470215
29.98638153076172
30.007600784301758
29.999732971191406
29.996395111083984
29.999971389770508
27.945280075073242
28.012990951538086
28.013944625854492
35.028696060180664
28.998613357543945
28.0148983001709
29.999494552612305
27.9996395111084
28.99956703186035
28.0001163482666
28.005599975585938
29.018163681030273
28.044939041137695
31.035900115966797
28.99932861328125
28.985261917114258
29.999494552612305
29.999494552612305
29.999732971191406
27.999401092529297
29.994726181030273
31.036853790283203
30.99822998046875
33.08987617492676
27.991771697998047
28.01370620727539
28.011083602905273
27.9083251953125
28.000354766845703
28.085947036743164
27.00519561767578
28.01370620727539
29.04987335205078
32.080888748168945
30.001163482666016
27.996063232421875
28.000593185424805
30.090808868408203
31.90302848815918
30.99989891052246
35.99834442138672
28.997421264648438
35.00032424926758
34.986257553100586
28.045654296875
25.993824005126953
26.955127716064453
28.002500534057617
26.12757682800293
27.993202209472656
26.996850967407227
27.01115608215332
26.987075805664062
31.100034713745117
26.983022689819336
26.983976364135742
26.899099349975586
23.999452590942383
25.025606155395508
26.004552841186523
27.00042724609375
26.995182037353516
27.007102966308594
27.00495719909668
30.918359756469727
34.00254249572754
30.997514724731445
33.99848937988281
31.015396118164062
31.003952026367188
27.95553207397461
24.942636489868164
25.986194610595703
24.999618530273438
26.947498321533203
26.082277297973633
24.969100952148438
27.035951614379883
28.005599975585938
27.99820899963379
28.10978889465332
29.00099754333496
28.957605361938477
31.969547271728516
34.006357192993164
27.00185775756836
25.999069213867188
26.079654693603516
25.00176429748535
26.0012149810791
27.001380920410156
26.999473571777344
27.00042724609375
25.010347366333008
25.068044662475586
28.914451599121094
31.079769134521484
31.998157501220703
34.996986389160156
34.07478332519531
