0.0
0.0
0.0
0.0
0.0
0.0
0.0
0.0
0.0
15.617132186889648
0.0
0.0
0.0
0.0
0.0
0.0
0.0
0.0
0.0
0.0
15.633821487426758
0.0
0.0
0.0
0.0
0.0
0.0
0.0
0.0
15.729188919067383
0.0
0.0
0.0
0.0
0.0
0.0
0.0
0.0
0.0
0.0
15.627384185791016
0.0
0.0
0.0
15.624284744262695
0.0
0.0
0.0
0.0
6.597280502319336
0.0
0.0
0.0
15.722513198852539
0.0
0.0
0.0
0.0
0.0
0.0
0.0
0.0
0.0
0.0
15.614986419677734
0.0
0.0
0.0
0.0
0.0
0.0
0.0
0.0
6.519556045532227
0.0
0.0
0.0
0.0
0.0
0.0
0.0
0.0
0.0
0.0
15.624523162841797
0.0
0.0
0.0
0.0
0.0
0.0
0.0
0.0
0.0
0.0
15.623807907104492
0.0
2.112865447998047
0.0
8.048057556152344
0.0
0.0
0.0
0.0
2.11334228515625
0.0
8.11910629272461
0.0
0.0
0.0
0.0
0.0
0.0
2.099752426147461
0.0
8.113861083984375
0.0
0.0
0.0
0.0
2.1331310272216797
0.0
8.15129280090332
0.0
8.067846298217773
0.0
0.0
0.0
0.0
2.1071434020996094
0.0
8.158683776855469
0.0
0.0
0.0
0.0
2.0749568939208984
0.0
8.112907409667969
0.0
0.0
0.0
0.0
2.1359920501708984
0.0
8.138895034790039
0.0
0.0
0.0
0.0
2.1424293518066406
0.0
8.27169418334961
0.0
0.0
0.0
0.0
2.270936965942383
0.0
8.235692977905273
0.0
0.0
2.2554397583007812
0.0
2.085447311401367
0.0
8.275032043457031
0.0
0.0
0.0
0.0
2.270936965942383
0.0
8.221149444580078
0.0
8.260965347290039
0.0
0.0
2.2547245025634766
0.0
8.275985717773438
0.0
8.25953483581543
0.0
0.0
2.248048782348633
0.0
0.0
0.0
8.246421813964844
0.0
0.0
2.2628307342529297
0.0
2.238750457763672
0.0
8.234262466430664
0.0
0.0
0.0
