103.9588451385498
46.93460464477539
52.977561950683594
62.502384185791016
53.57241630554199
68.61615180969238
62.547922134399414
53.493499755859375
62.459468841552734
69.19240951538086
53.50065231323242
62.599897384643555
69.05984878540039
62.53218650817871
53.484201431274414
69.12398338317871
62.493324279785156
53.42674255371094
53.41315269470215
62.512874603271484
69.2291259765625
62.42084503173828
62.51096725463867
53.58409881591797
46.784162521362305
52.98614501953125
53.05147171020508
62.41250038146973
69.21005249023438
68.53675842285156
62.50262260437012
69.18954849243164
68.96400451660156
46.96035385131836
52.95252799987793
69.12016868591309
46.96536064147949
53.42507362365723
62.551021575927734
68.97163391113281
53.47609519958496
46.82612419128418
53.52020263671875
68.96686553955078
62.51072883605957
53.50136756896973
46.78916931152344
53.39980125427246
69.02289390563965
62.503814697265625
53.14278602600098
53.30324172973633
62.5457763671875
68.98975372314453
69.02408599853516
62.582969665527344
69.04840469360352
53.368330001831055
62.591552734375
84.57231521606445
69.02074813842773
62.5004768371582
69.09728050231934
68.97997856140137
62.57462501525879
53.48348617553711
68.91107559204102
62.591552734375
68.94493103027344
69.02647018432617
62.57462501525879
69.12398338317871
69.09632682800293
62.58249282836914
53.51591110229492
68.57109069824219
62.54315376281738
69.08726692199707
62.60108947753906
46.894073486328125
53.39312553405762
84.63811874389648
62.51049041748047
53.38406562805176
69.09346580505371
62.510013580322266
69.10371780395508
53.43031883239746
62.572479248046875
68.91751289367676
52.96587944030762
62.511444091796875
68.73822212219238
68.92514228820801
62.51358985900879
69.02599334716797
69.01049613952637
62.49880790710449
69.09584999084473
69.13185119628906
63.063621520996094
68.10879707336426
53.47895622253418
62.61801719665527
69.1213607788086
69.01168823242188
62.6072883605957
53.377389907836914
62.575578689575195
53.40003967285156
68.61329078674316
62.60275840759277
53.53355407714844
68.92848014831543
84.63692665100098
62.514543533325195
68.67218017578125
69.0314769744873
78.13692092895508
53.43341827392578
53.018808364868164
62.591552734375
68.97711753845215
62.502145767211914
46.979665756225586
53.479909896850586
62.500953674316406
69.09847259521484
53.434133529663086
46.91910743713379
53.45606803894043
69.02790069580078
62.50929832458496
53.395986557006836
69.03839111328125
62.60395050048828
53.48777770996094
46.8747615814209
53.498029708862305
69.21243667602539
62.40367889404297
69.12541389465332
52.98638343811035
46.901702880859375
53.32231521606445
68.67003440856934
62.51168251037598
69.12899017333984
62.59584426879883
53.485870361328125
68.59493255615234
62.44921684265137
53.54952812194824
53.46274375915527
62.55650520324707
69.06270980834961
62.54005432128906
46.99254035949707
53.46369743347168
62.502384185791016
69.02027130126953
69.14830207824707
62.4089241027832
69.09561157226562
53.46083641052246
46.95916175842285
53.318023681640625
69.04768943786621
62.59799003601074
68.59230995178223
62.49880790710449
53.580284118652344
53.49922180175781
62.50333786010742
69.10347938537598
69.1065788269043
62.56866455078125
53.437232971191406
68.52388381958008
62.60037422180176
69.03839111328125
62.48950958251953
62.512874603271484
53.65777015686035
62.40725517272949
69.01907920837402
52.99639701843262
62.51716613769531
53.08961868286133
68.92800331115723
62.51215934753418
69.11039352416992
62.49642372131348
53.591012954711914
53.395748138427734
62.557220458984375
68.99380683898926
53.37357521057129
46.953678131103516
53.36189270019531
