6.000041961669922
7.002353668212891
5.998373031616211
4.998683929443359
6.001472473144531
5.000114440917969
5.046606063842773
4.998922348022461
4.999876022338867
4.999876022338867
5.99980354309082
5.000114440917969
5.9986114501953125
4.999876022338867
5.000114440917969
4.998922348022461
4.998445510864258
4.998922348022461
4.999399185180664
4.999637603759766
4.999399185180664
5.000591278076172
6.064891815185547
4.47392463684082
4.996538162231445
7.395505905151367
4.999876022338867
4.9991607666015625
5.99980354309082
5.996465682983398
4.999876022338867
5.003690719604492
5.50389289855957
4.999637603759766
4.999637603759766
4.9991607666015625
6.000041961669922
5.99980354309082
4.997730255126953
4.998207092285156
4.999637603759766
4.996776580810547
5.01251220703125
5.997657775878906
4.998922348022461
4.997968673706055
4.998207092285156
4.998445510864258
5.998134613037109
6.000280380249023
5.998134613037109
4.997730255126953
6.00123405456543
5.9986114501953125
5.998373031616211
4.997730255126953
4.99725341796875
4.998207092285156
4.997968673706055
4.997014999389648
6.24394416809082
6.522417068481445
6.00123405456543
5.061864852905273
4.99725341796875
4.997968673706055
5.997419357299805
4.998922348022461
5.522727966308594
6.492853164672852
4.889726638793945
6.154775619506836
5.998373031616211
5.996942520141602
5.996942520141602
4.997968673706055
4.997730255126953
5.992650985717773
5.996942520141602
6.348371505737305
4.999399185180664
5.512714385986328
5.9986114501953125
4.997491836547852
5.997180938720703
6.102085113525391
6.1626434326171875
5.030632019042969
5.006551742553711
5.998849868774414
4.999399185180664
6.001710891723633
5.99980354309082
5.999088287353516
5.002260208129883
5.999565124511719
5.999326705932617
4.999399185180664
4.999876022338867
5.995988845825195
5.001306533813477
4.996776580810547
4.999876022338867
5.000114440917969
5.000591278076172
6.002187728881836
4.999637603759766
4.996061325073242
4.998922348022461
5.255222320556641
5.999326705932617
5.009651184082031
5.218267440795898
5.998849868774414
5.000114440917969
5.000114440917969
5.1898956298828125
7.049560546875
4.998683929443359
5.007266998291016
4.999637603759766
5.999565124511719
4.9991607666015625
4.997014999389648
4.998445510864258
5.007266998291016
4.999637603759766
5.007266998291016
5.000114440917969
5.00798225402832
4.999876022338867
6.127595901489258
6.007671356201172
5.010366439819336
5.007266998291016
5.011081695556641
6.005525588989258
5.40924072265625
5.379438400268555
6.252765655517578
6.55817985534668
6.00123405456543
4.996538162231445
