15.712976455688477
0.0
0.0
15.651226043701172
0.0
15.53201675415039
0.0
5.003213882446289
0.0
0.0
15.70749282836914
0.0
15.614509582519531
0.0
0.0
15.611648559570312
0.0
15.736818313598633
0.0
15.605926513671875
0.0
0.0
15.573501586914062
0.0
15.668392181396484
0.0
6.6051483154296875
0.0
15.726566314697266
0.0
0.0
15.634536743164062
0.0
15.570878982543945
0.0
0.0
15.603065490722656
9.029150009155273
10.48898696899414
10.486364364624023
10.394573211669922
10.498046875
10.449647903442383
10.456323623657227
10.311603546142578
8.255958557128906
8.067607879638672
8.260250091552734
8.20469856262207
0.0
0.0
2.267599105834961
2.2432804107666016
2.2580623626708984
2.257823944091797
2.3963451385498047
10.497570037841797
10.449647903442383
10.485410690307617
10.402917861938477
8.256912231445312
12.195825576782227
10.50114631652832
10.37907600402832
10.31041145324707
10.223150253295898
0.0
2.2530555725097656
2.2170543670654297
10.046243667602539
10.078668594360352
10.04648208618164
10.068416595458984
10.110855102539062
10.242938995361328
10.467052459716797
10.34092903137207
10.471582412719727
10.306596755981445
8.157730102539062
8.101463317871094
8.115768432617188
0.0
0.0
2.130270004272461
2.1278858184814453
10.210037231445312
10.23411750793457
10.212182998657227
10.392189025878906
8.279561996459961
12.542486190795898
8.272409439086914
0.0
0.0
2.2537708282470703
2.248048782348633
10.514020919799805
10.495662689208984
10.492801666259766
10.376930236816406
0.0
12.459516525268555
10.3607177734375
10.609149932861328
2.241373062133789
2.2284984588623047
2.25067138671875
10.45846939086914
10.49041748046875
10.47062873840332
10.50424575805664
10.468482971191406
10.515689849853516
10.416746139526367
10.489702224731445
10.498762130737305
10.485649108886719
10.450363159179688
10.491371154785156
10.385990142822266
2.1338462829589844
2.137899398803711
2.246379852294922
2.2482872009277344
2.251863479614258
2.2459030151367188
2.239704132080078
2.197265625
2.2385120391845703
2.222299575805664
2.248525619506836
2.2389888763427734
2.2478103637695312
2.2497177124023438
2.2530555725097656
2.2242069244384766
2.2428035736083984
2.227783203125
2.245664596557617
2.2513866424560547
2.279996871948242
2.222776412963867
2.2313594818115234
2.2716522216796875
2.2416114807128906
2.234220504760742
2.229452133178711
2.3810863494873047
2.3047924041748047
2.2437572479248047
2.259969711303711
2.258777618408203
0.0
12.393474578857422
10.329484939575195
10.44917106628418
10.492801666259766
10.389328002929688
10.483503341674805
10.392904281616211
2.2509098052978516
2.1028518676757812
2.258777618408203
2.1250247955322266
2.2401809692382812
2.1483898162841797
2.141237258911133
10.404348373413086
10.52403450012207
10.41555404663086
10.494470596313477
10.415077209472656
10.483026504516602
10.458707809448242
8.247852325439453
12.4969482421875
10.477066040039062
10.44154167175293
10.510921478271484
10.460138320922852
10.475635528564453
10.492563247680664
10.463714599609375
10.305643081665039
8.125543594360352
12.427330017089844
10.521173477172852
10.388374328613281
8.275032043457031
10.181903839111328
8.280277252197266
0.0
0.0
0.0
2.2401809692382812
2.262115478515625
2.2542476654052734
2.260446548461914
10.40029525756836
