0.0
15.625238418579102
0.0
0.0
0.0
0.0
0.0
0.0
0.0
0.0
0.0
0.0
0.0
0.0
15.622138977050781
0.0
0.0
15.625953674316406
0.0
0.0
15.642642974853516
0.0
0.0
0.0
0.0
0.0
0.0
0.0
0.0
0.0
0.0
0.0
15.645027160644531
0.0
0.0
15.524864196777344
0.0
0.0
15.72275161743164
0.0
0.0
0.0
0.0
0.0
0.0
0.0
0.0
0.0
0.0
0.0
15.651702880859375
0.0
0.0
15.632152557373047
0.0
0.0
15.618324279785156
0.0
0.0
15.617132186889648
0.0
0.0
0.0
6.520986557006836
0.0
0.0
0.0
0.0
0.0
0.0
0.0
0.0
0.0
0.0
15.630006790161133
0.0
0.0
15.619516372680664
0.0
0.0
15.624761581420898
0.0
0.0
15.639305114746094
0.0
0.0
0.0
0.0
0.0
0.0
0.0
15.639305114746094
0.0
0.0
0.0
0.0
0.0
0.0
0.0
0.0
15.63572883605957
0.0
0.0
15.623807907104492
0.0
0.0
0.0
0.0
0.0
0.0
0.0
15.62190055847168
0.0
0.0
15.534162521362305
6.634950637817383
0.0
0.0
0.0
0.0
0.0
0.0
0.0
15.587091445922852
0.0
0.0
0.0
0.0
0.0
0.0
0.0
15.621185302734375
6.763219833374023
0.0
8.191108703613281
0.0
10.524511337280273
0.0
2.1369457244873047
8.139848709106445
0.0
2.235889434814453
8.27789306640625
0.0
10.404109954833984
0.0
2.2606849670410156
0.0
2.264261245727539
0.0
0.0
8.201122283935547
0.0
8.28409194946289
0.0
10.411977767944336
0.0
2.2857189178466797
0.0
2.2711753845214844
0.0
0.19550323486328125
8.241891860961914
0.0
8.13746452331543
0.0
10.241508483886719
0.0
2.1162033081054688
0.0
2.242565155029297
8.234262466430664
0.0
2.0537376403808594
8.071422576904297
0.0
8.170604705810547
0.0
10.24627685546875
0.0
2.11334228515625
0.0
0.0
10.215520858764648
0.0
8.135557174682617
0.0
10.207653045654297
0.0
2.1195411682128906
0.0
0.0
8.067846298217773
0.0
10.216712951660156
0.0
2.151966094970703
0.0
0.0
8.155107498168945
